"LinaMayrand3" <-
structure(list(S = structure(c(-0.0662912607362388-0.0855811337270078i, 
-0.0662912607362388+0.0855811337270078i, 0.0352266456251514+0i, 
0.332671113131273+0i, 0.110485434560398-0.0855811337270078i, 
0.110485434560398+0.0855811337270078i, -0.0854411265843329+0i, 
0.806890861720468+0i, 0.662912607362388+0.171163681667578i, 0.662912607362388-0.171163681667578i, 
-0.135010726159072+0i, 0.45987820885317+0i, 0.662912607362388+0.171163681667578i, 
0.662912607362388-0.171163681667578i, 0.45987820885317+0i, -0.135010726159072+0i, 
0.110485434560398-0.0855811337270078i, 0.110485434560398+0.0855811337270078i, 
0.806890861720468+0i, -0.0854411265843329+0i, -0.0662912607362388-0.0855811337270078i, 
-0.0662912607362388+0.0855811337270078i, 0.332671113131273+0i, 
0.0352266456251514+0i), .Dim = as.integer(c(4, 6))), W = structure(c(-0.0662912607362388+0.0855811337270078i, 
-0.0662912607362388-0.0855811337270078i, 0.332671113131273+0i, 
0.0352266456251514+0i, -0.110485434560398-0.0855811337270078i, 
-0.110485434560398+0.0855811337270078i, -0.806890861720468+0i, 
0.0854411265843329+0i, 0.662912607362388-0.171163681667578i, 
0.662912607362388+0.171163681667578i, 0.45987820885317+0i, -0.135010726159072+0i, 
-0.662912607362388+0.171163681667578i, -0.662912607362388-0.171163681667578i, 
0.135010726159072+0i, -0.45987820885317+0i, 0.110485434560398+0.0855811337270078i, 
0.110485434560398-0.0855811337270078i, -0.0854411265843329+0i, 
0.806890861720468+0i, 0.0662912607362388-0.0855811337270078i, 
0.0662912607362388+0.0855811337270078i, -0.0352266456251514+0i, 
-0.332671113131273+0i), .Dim = as.integer(c(4, 6)))), .Names = c("S", 
"W"))
"LinaMayrand4" <-
structure(list(S = structure(c(-0.0177682977370364-0.0843076215447475i, 
0.102008915752387-0.140888496674900i, 0.512949613906065+0.139761114430506i, 
0.682186908447622+0.309503739778537i, 0.261320230715269-0.0265993641984858i, 
-0.0829326081014193-0.196341989489948i, -0.0493947656694662-0.0288541287014151i, 
0.00584356522937926+0.0277267464287373i), .Dim = as.integer(c(1, 
8))), W = structure(c(-0.00584356522937926+0.0277267464287373i, 
-0.0493947656694662+0.0288541287014151i, 0.0829326081014193-0.196341989489948i, 
0.261320230715269+0.0265993641984858i, -0.682186908447622+0.309503739778537i, 
0.512949613906065-0.139761114430506i, -0.102008915752387-0.140888496674900i, 
-0.0177682977370364+0.0843076215447475i), .Dim = as.integer(c(1, 
8)))), .Names = c("S", "W"))
"LinaMayrand5" <-
structure(list(S = structure(c(0.0104924505144049+0.0205904370844365i, 
-0.0131549130788862+0.0190001547113654i, -0.0480171707489855-0.0286805385686857i, 
0.00443868969370267-0.0660029379744943i, -0.0171289081256946+0.00872852869497756i, 
-0.0407762717133288-0.0282317864304761i, -0.0457735601342806-0.0701496826501424i, 
0.109045176430938-0.153497807951817i, -0.080639704153759-0.117947473548549i, 
0.0139497502179911-0.217696442313413i, 0.342248869674118+0.0140988497709936i, 
0.423036269003173+0.0594750872271794i, 0.151379708479645-0.0942236567554891i, 
0.245969162830182-0.123232560001445i, 0.772484323772727+0.144605393302011i, 
0.642829163846022+0.350360717350611i, 0.643003234585088+0.182852164538766i, 
0.501119052917861+0.350160634132963i, 0.479618312994977+0.059046616665079i, 
0.375016379640746+0.0994046669755474i, 0.643003234585088+0.182852164538766i, 
0.501119052917861+0.350160634132963i, -0.0564771558731019-0.0836581495806555i, 
-0.0349735956831048-0.248283003884364i, 0.151379708479645-0.0942236567554891i, 
0.245969162830182-0.123232560001445i, -0.0809927427988999-0.0456676283259696i, 
-0.106064370637416-0.113222843833651i, -0.080639704153759-0.117947473548549i, 
0.0139497502179911-0.217696442313413i, 0.0450707806910314+0.0140988497709936i, 
-0.0103356606306847+0.0594750872271794i, -0.0171289081256946+0.00872852869497756i, 
-0.0407762717133288-0.0282317864304761i, 0.0142495119522009+0.00120270047413905i, 
0.0106798133845187+0.0203460275629919i, 0.0104924505144049+0.0205904370844365i, 
-0.0131549130788862+0.0190001547113654i, -0.00819760743953431-0.00489641086342034i, 
0.000541697299744814-0.00805499281231948i), .Dim = as.integer(c(4, 
10))), W = structure(c(0.0104924505144049-0.0205904370844365i, 
-0.0131549130788862-0.0190001547113654i, -0.00819760743953431+0.00489641086342034i, 
0.000541697299744814+0.00805499281231948i, 0.0171289081256946+0.00872852869497756i, 
0.0407762717133288-0.0282317864304761i, -0.0142495119522009+0.00120270047413905i, 
-0.0106798133845187+0.0203460275629919i, -0.080639704153759+0.117947473548549i, 
0.0139497502179911+0.217696442313413i, 0.0450707806910314-0.0140988497709936i, 
-0.0103356606306847-0.0594750872271794i, -0.151379708479645-0.0942236567554891i, 
-0.245969162830182-0.123232560001445i, 0.0809927427988999-0.0456676283259696i, 
0.106064370637416-0.113222843833651i, 0.643003234585088-0.182852164538766i, 
0.501119052917861-0.350160634132963i, -0.0564771558731019+0.0836581495806555i, 
-0.0349735956831048+0.248283003884364i, -0.643003234585088+0.182852164538766i, 
-0.501119052917861+0.350160634132963i, -0.479618312994977+0.059046616665079i, 
-0.375016379640746+0.0994046669755474i, 0.151379708479645+0.0942236567554891i, 
0.245969162830182+0.123232560001445i, 0.772484323772727-0.144605393302011i, 
0.642829163846022-0.350360717350611i, 0.080639704153759-0.117947473548549i, 
-0.0139497502179911-0.217696442313413i, -0.342248869674118+0.0140988497709936i, 
-0.423036269003173+0.0594750872271794i, -0.0171289081256946-0.00872852869497756i, 
-0.0407762717133288+0.0282317864304761i, -0.0457735601342806+0.0701496826501424i, 
0.109045176430938+0.153497807951817i, -0.0104924505144049+0.0205904370844365i, 
0.0131549130788862+0.0190001547113654i, 0.0480171707489855-0.0286805385686857i, 
-0.00443868969370267-0.0660029379744943i), .Dim = as.integer(c(4, 
10)))), .Names = c("S", "W"))
"comp.theta" <-
function(djk, Sigma.inv)
{
	#
	# Takes in the complex wavelet coefficient d_{j,k} and the inverse 
	# of the covariance matrix Sigma.  Returns the scalar statistic
	# theta_{j,k}; this is \chi^2_2 if the coefficient contains 
	# only noise.
	#
	if(!is.complex(djk)) stop(
			"comp.theta should only be used on complex wavelet coefficients."
			)
	tmp <- cbind(Re(djk), Im(djk))
	tmp <- diag(tmp %*% Sigma.inv %*% t(tmp))
	return(tmp)
}
"cthr.negloglik" <-
function(parvec, dstarvec, Sigma, Sigma.inv, twopirtdetS, code)
{
	#
	# Compute -log likelihood of sample dstar from 
	# mixture of bivariate normal distributions.
	#
	# Each row of dstarvec should contain one coefficient.
	#
	if(code == "C") {
		SigVec <- c(Sigma[1, 1], Sigma[1, 2], Sigma[2, 2])
		di <- dstarvec[, 2]
		dr <- dstarvec[, 1]
		pnd <- length(di)
		pans <- 0
		Cout <- .C("Ccthrnegloglik",
			parvec = as.double(parvec),
			SigVec = as.double(SigVec),
			di = as.double(di),
			dr = as.double(dr),
			pnd = as.integer(pnd),
			pans = as.double(pans), PACKAGE = "cthresh")
		return(Cout$pans)
	}
	else {
		p <- parvec[1]
		tmp <- parvec[3] * sqrt(parvec[2] * parvec[4])
		V <- matrix(c(parvec[2], tmp, tmp, parvec[4]), byrow = TRUE, ncol
			 = 2)
		VpS <- V + Sigma
		detVpS <- VpS[1, 1] * VpS[2, 2] - VpS[1, 2] * VpS[2, 1]
		VpS.inv <- matrix(c(VpS[2, 2],  - VpS[1, 2],  - VpS[2, 1],
			VpS[1, 1]), ncol = 2, byrow = TRUE)/detVpS
		twopirtdetVpS <- 2 * pi * sqrt(detVpS)
		tmp <- apply(dstarvec, 1, cthreb.mixden, p = p, twopirtdetS = 
			twopirtdetS, twopirtdetVpS = twopirtdetVpS, Sigma.inv
			 = Sigma.inv, VpS.inv = VpS.inv)
		return( - sum(log(tmp)))
	}
}
"cthreb.mixden" <-
function(dstar, p, twopirtdetS, twopirtdetVpS, Sigma.inv, VpS.inv)
{
	#
	# Compute density fn. of dstar from normal mixture
	#
	den1 <- exp(-0.5 * t(dstar) %*% VpS.inv %*% dstar)/twopirtdetVpS
	den2 <- exp(-0.5 * t(dstar) %*% Sigma.inv %*% dstar)/twopirtdetS
	return(p * den1 + (1 - p) * den2)
}
